
15 days ago <- this was the commit for the day!!
15 days ago <- this was the commit for the day!!
14 days ago <- this was the commit for the day!!
13 days ago <- this was the commit for the day!!
12 days ago <- this was the commit for the day!!
11 days ago <- this was the commit for the day!!
10 days ago <- this was the commit for the day!!
9 days ago <- this was the commit for the day!!
2129427969 1120903722 1798285054 1721968934 1221668661 1016472328
2115452812 1684007315 1883414687 1714550493 1995920778 1250100095
1488415522 1614156695 1928164443 1829997337 1695023859 1182871727
1760391140 1946210359 1183415474 1067292088 2008110400 1272349498
1357599505 2056308314 1872263749 1516931383 1283820590 1549603206
1927185955 2052505410 1553661003 1505388032 1482268034 1246678682
1557609787 1641535181 1879654585 1571473100 1602645506 1114692180
1262839267 1847609778 1147346165 1973693109 1358678484 1924516246
1723052155 1472284320 1905092969 1058297595 1873182030 1792893029
1113314540 2089492628 1193549826 2056304235 1972530780 1396995420
1415272548 1561996066 1325647912 1443271215 2006116803 1484704692
1504714105 2049507077 1210876478 1653382905 1075858121 1630491791
1553130049 1866650757 1108004691 1683703093 1460768959 1990576985
1917229350 1469226328 1955625672 1122743005 1177154966 2079235833
1503371758 1555295436 1390244947 2019606360 1516544998 1420405191
1705319802 1687098948 2131538553 1202924809 1962367586 1222953438
2073295192 1088671138 1969397479 1383180214 1627534921 1906711179
1101065181 1049010904 1935840428 2010104258 1659121015 1199434809
2083375807 1013998226 1774452027 1202760694 1855165616 1962643899
1454853134 1513972434 1746963967 1264808468 1414537843 1841381941
1008115952 2126845077 1227982753 1294612026 1495631822 2097359957
1930039602 1974795260 1660622606 1295417386 1982935170 1155355261
1199791355 1008650084 1363540365 2135653502 1854116448 1987038208
1369115022 1559097043 1078373851 1491841098 1112142736 1031481813
1199340567 1000911196 1957805466 1042725974 1248158583 1983103319
1033833428 2143854361 1719937714 2019084243 1659480317 1011562540
2070648278 1727479228 1177539275 1024461901 1318777934 1523027604
1948931396 1073539776 1421552647 1510109077 1176589138 1409907670
1528083579 1644510687 2018624393 1386255618 1024524816 1963305132
1212337694 1375148346 1107035191 1461113962 2141508063 1865297433
1628377729 1754342149 2004224281 1525480047 1828356108 1110544381
1436260098 1301799536 1327960683 2118781046 1869532810 1378914737
1583184681 1933757272 1052543907 1773606597 1347549574 2097920886
1775045932 1674212634 1781386272 1661331585 1215462286 1646829516
1770851971 1461308995 1143528979 1399056727 1063241224 2055046406
1099173265 1232792787 2143255661 2139768630 1227737141 1704227310
1168635201 1334283827 1817854063 2085648716 1151267591 1650695289
1558457795 1773681051 2016341605 1589366962 1049829727 1445553731
1295952277 1261814291 1860891977 1412291539 1827925295 1355705449
1275713938 1271153705 1545894627 1184508767 1340760407 1392949751
1007530177 2021802989 1587478129 1956334604 1291504934 1184477335
1348674756 1467614205 1478434760 1885515537 1807209622 1113178950
1190090072 1880053393 2007502015 2117601963 1153860446 1152043400
1774712257 1093272904 1040326318 1379070086 1821690211 1744815265
1792201090 2029220704 1721867908 1741335187 1391831200 2067940442
1176557984 1619518663 1167698392 1061234888 1488609046 1040654585
1834754729 2139396803 1834189993 1868878938 2113960094 1422540560
1524276692 1271326272 1441949490 1693871480 1082213737 1090563223
1280743236 1155977055 1322355352 1161397942 1258898255 1059112336
2071273572 1476566558 1811098497 1680340651 2005569235 1400774356
2013362075 1327248618 1292889950 1102238695 1970859992 1587168232
1287908132 1770754690 1363050942 2135497085 1405981885 1443362757
1617957304 1078664150 1238351739 1862168144 1800261097 1620680646
1726057146 1093141946 1303637455 1801475371 1155540260 1848550300
1252528255 2091555083 1822030430 1837343585 1117330064 1043589713
1357128918 1927185297 1222387145 1081411259 1827120858 1277606185
1465398484 1802588995 2037831894 1145688953 1036631106 1847034872
1089135373 1555417493 2112076992 1487179290 1459455560 1172929182
2036787149 1173036423 1108068037 1027423979 2070134688 1097341333
1628623303 1980199577 1987397309 1093283005 1327339959 2014797356
1351123112 2050362420 1062875427 1057169013 1513557467 1812927336
1705330367 1189826571 1458324881 2055327846 1436681175 2027102058
1235686882 1790238685 1577748795 1556658658 1694640000 2074744970
1875014441 1919333578 1841064470 1744574851 1612401009 1984891308
1598139033 1099654724 1692945995 2121047369 1516717488 1382634731
1133253965 1898241672 1747204258 1252741333 1775409928 1996367116
1297092243 1046771735 1174412350 1060350594 1916161930 1963895354
1741089736 1884574490 1214498961 1430350737 1224521763 1563737223
1903175004 1709276466 1102339182 1107029582 1618982326 1458064215
1519421885 1493263448 1715021009 1919792184 2082233991 1568987843
1401986940 1618326377 2129727593 1204519594 1354555395 1097680877
1838971581 1267931310 1443520738 1148498253 1760451883 2126917032
1815035301 1144151086 1382037326 1501265994 1955326215 1901970836
1471541126 1813460752 2121348841 1195304148 2077749502 1030598777
1179748970 1949705474 1199251711 1147630669 1880443568 1731667773
1556173781 1701396032 1250129824 2057503241 1349164980 1745654929
1364136752 1653957092 2063745303 1557338654 1120691161 1463286944
1726987230 1862722927 1516496511 1896517189 1560763628 1914524921
1070395022 1022626504 1112440298 1966523094 1114600771 1542947081
1057048593 1261379466 1574893379 1461549512 2112046267 2079482081
1680979075 2007764216 1914433487 2109896811 1688980881 1773542442
1542914410 1955883512 1909047079 1297427534 1129167363 1132692928
1376250821 1677594413 2004974559 1515747982 1918797636 2012988553
1316089802 1981475600 2051775231 1334619033 1482804372 1791850173
1432043638 1136460372 2031909733 2115923835 1296928282 1202016384
1591239740 1005249036 1104930193 1120029282 1292306325 1772116839
1648625191 1580949949 1997552552 1347354887 1867193471 1560975816
1819727551 1074378729 1087964162 1763148012 1364267364 1024154409
1061192206 1775467307 1124600046 2027306422 1302325433 1066285445
1508882925 1717698163 1585789085 1529004157 1490104306 1165438521
1398324879 1862783904 2023641326 1147033799 1557891783 1737929129
1881037067 1813966292 1036211766 1151930155 1914541614 1320251573
1288468491 2037135820 1763612521 2041572122 1884785298 1555258806
2038574745 1295250196 1244053253 1515576475 1455230356 1992088643
2073086734 1246852533 1494953402 1214190339 1357617588 1970255057
1403905201 1186313410 1226473757 1353076467 1033644424 1894378346
1740578066 1355881944 1554731220 1350426738 1360764134 1316994117
1256911045 1328695769 2100067650 1458507798 1323574719 1682764122
1817959105 1839482982 1974237278 1200633864 1302621043 1133706156
1746531489 1035007290 1993709903 1003553152 1947427191 1110497131
1962472294 1541492979 1222189894 1343487448 1643456758 1027799883
2081650286 1013246784 1649180432 1634654582 1410362592 1478582327
1539017312 1345317540 1741266365 1257973889 2130658446 1061730363
1468423024 2136023978 1127677413 1572405516 1706333357 1310842146
1878415908 1914564358 1894084598 1336369949 1160832259 1917299431
2058420389 1052517306 1819791044 1369156005 1616236219 1884168122
1199650851 1722852532 1605621201 1192492385 1457717940 1412528377
1920373803 1585313734 1764244468 1816867525 1408133262 1929170264
2006561148 1942286508 1199352382 1589860039 1036120609 1397324388
1611421573 1945046872 1130436824 1896278983 2079547445 1306704766
1591212366 1030117886 1089788052 1622042438 1284309043 1137810100
1859980329 1215904505 1738321915 1634065619 1534548085 1466994376
2024760846 1047169812 2027466875 1252549786 1629238957 1477918414
1880282258 1356257420 1282541538 1815946257 1150179499 2143282134
1671796461 1320080408 1372848935 1626550217 1418529462 1219679623
1987560428 1475429618 2020604910 2078051865 1219158676 1566133572
1898904443 1254251377 1772691429 1213583998 1564674220 1782907641
1610519944 2039882081 1932527853 1641882799 1597628373 2045538592
1497903365 1383505616 1161560991 1405070764 1756376166 1359612546
1119650236 2086500238 1028491132 2109032798 1312082849 1197677224
1413120984 1440761151 1961036940 1653365601 1891782369 1232823449
1449288397 1430164699 1671096643 2065188418 1572479341 1530412621
1242159197 1670840267 1732752522 2088131082 1333054410 1745390237
1840787339 1837612403 1673504681 1438809360 1608163885 1037191112
1281304467 2014952561 2080009777 1043639631 1289065334 1715542805
1174160770 1795522279 2049363726 1603051441 1279569631 1188416650
1439685497 2119458184 1221184827 1630191577 1752098239 2074887955
1813981874 1623291353 1340709896 1267078289 1180153078 1363460080
1790544111 1725508454 1339833998 1633733428 1204255284 1658803602
1407434939 1286942928 1926232732 1936172463 1790526624 1548679691
2106987885 1765627706 2147335659 1179020124 1579655342 1607821264
1989797161 1873445987 1293763547 1846708445 1521262211 1507092674
1370477212 1386574209 1513976977 2001364796 1436426187 1305516694
1986628325 2005755646 1820827752 1393955815 1333298615 1995182093
1937442218 1876578072 1663708374 1664371327 2066999288 1194734888
1262613291 1310716142 2102360848 2073227264 1473757567 1875202288
1384672865 1097197466 1579489265 1256103211 2046170371 1543891414
1930704633 1375779888 1155311155 1768821256 1047840129 1645278720
2100379874 1008666229 1366495414 1510815996 1574290259 1177559689
1514917631 1421200831 1074181883 1476093864 1343295230 1116703663
1900206006 1461708421 1746590086 1212056487 1018265468 1319846370
1032122021 1306076158 1418012639 2093142360 1770537543 1599407701
1232403037 1401925735 2135067770 1205925493 1488684744 1243864640
1185966877 1649649719 1149724076 1809983148 2043931056 1404608613
1998805362 1231871707 1692799698 1357088190 1869774291 1872926282
1897784228 1733271159 1446985988 1525890779 1885186878 1131325274
1206793726 1265043748 1741617152 1395498322 1422966705 1439942112
1167950083 1703885260 1841305490 1774685662 1503689359 1361208256
1050878043 1192658713 1645600269 1112096844 1774082406 2028323152
1309438866 1623602878 1474981528 2043465100 1784278337 1356092741
1894738720 2068933563 1232614576 1260454480 1220967451 1456782640
1335325812 1913847444 1490209305 1431248010 1549025613 2142769764
1603441350 1343808409 1902943157 1824057657 2108856288 1969130949
2063081222 2094659674 1464761804 1249404886 1862584172 1346683836
1727843887 1325383073 2066591924 1300307477 1643821672 1754915482
1402100850 1791765904 1730470861 2079177489 1124014602 1258841212
1752071008 1741006444 1365615353 1447041282 1221209773 1300002583
1610456362 1746388193 1568071108 1363912301 1256725085 1891055884
1003469249 1987137198 2062807622 1957783572 1548340353 1870272848
1438985314 1755638071 1394744166 1367922726 1723399710 1703793958
1171808273 1693379138 1210299137 1096228509 1802229249 1190610346
1061901095 1811543850 1688501317 1935974656 1549562983 1122255989
1901764348 2059738308 1737611123 1842641695 1696903127 1171332755
1654855294 1725555067 2041800173 1484071529 1408922430 2059192705
1326748005 1391396322 1346556911 1511188062 1733728399 1942665743
1811336491 1635495407 2060790301 2111900546 1498124591 1593575482
2069927655 1331830068 1112993976 1538433445 1235754602 1901635543
1602534438 1256564955 1291031371 1024368164 1460096742 1235844226
1898662168 2002685993 1497124766 1673653799 1213375821 1521488857
1422500644 1873944458 1391425289 1394363613 1027580639 1110175983
1004873499 1707775904 1384025180 1096651284 1823879656 1681762733
1104163649 1490332187 1094650042 1655183968 2019759582 1309778194
2010753736 1469541737 1570926570 1040733961 1060380727 1285766542
1030029597 1647504884 1679114420 1235563456 2081072002 1682481686
1085731054 2041529772 1097793208 1259176197 1191824779 1518330221
1814183377 1331874242 1833703040 1017045926 2007164495 1635658715
1818409343 1694692061 2125666760 1417008927 1178969247 1893952287
1427917185 2076168723 1585747697 1782125335 1845257779 1719758123
1229634574 1209054789 1111222471 1584529439 1259334335 2062979658
1627137818 1469914705 2077073229 1289830227 2117857761 1968458075
1777799011 1704802923 1667654495 1067659091 1765921798 2094535842
2138101393 2145432321 1245959512 2014152499 1531170805 1450149856
1400522972 1490501545 1438911725 1708667334 1366482386 1674097121
1222194074 2017532219 1196063455 1435430513 1340807367 1020575873
1523282116 1912444933 1385816789 2039914663 2098776087 1856828604
1095774935 1503497335 1062006443 2125195530 1594351829 1187774682
1804210299 1754347187 1041257371 1499857018 1002551867 1870845576
1625676932 1778438680 2066351989 1245146114 1412980704 1133481617
1065231489 1188854225 1080587804 2121246153 1043485690 1213719819
1623832403 1438031214 2143390456 1078209109 1558484317 1506143704
1829988436 2039766234 1417822359 1161955027 2049537609 1909198535
1383924071 2014255593 1008453221 1383802744 1492365626 1951354577
1220173770 1132554942 2080767870 1264718160 2127767441 1253331621
1943166505 1993412382 1875445317 1633746667 1202552456 1231507634
1598962353 1400675122 1726397271 1345628585 1640419094 1560014118
1201683211 1644931055 1887194864 1451085658 1292796173 1773359911
2095511704 1383121738 1927315215 1164391320 1773012616 2049658369
2025784128 1097170958 1649469727 1919639280 1264709637 1786083797
1307711180 1491859224 1292220312 1196465494 1298891498 1742521639
1074154575 1564318408 1007146477 1290999619 1787613709 1001818411
1064490501 1851501824 2112953126 1321035989 1470226272 1106331602
1753150492 1193657344 1057866269 1325916567 1563280601 1915045144
1406790364 1532596088 2063828728 2123659431 1913885647 1634310698
1893351237 1850737200 2121804841 1059526105 1400081867 1649232678
1560868486 1951327037 1084817230 1046004092 1559058159 1287238479
1001449871 1451151000 1065895129 1620733523 1787468057 1888241644
2074490873 1294287611 1959562281 1927002601 1520269263 1426646158
1713358470 1262031052 1405405075 1553495347 2001695367 1279575771
1326734843 1609918414 1086840369 1397057019 1385398134 1189127649
1383282232 1918288814 1924569624 1579659000 1320979954 2061549940
1509182798 2055671724 2073769921 1053678377 1440891872 2087073414
1157665322 1713358808 1271817971 2012999892 1349209303 1671437759
1660256779 1833840837 1272151777 1109955943 1421659169 1116249477
2114168809 1837450089 1163859388 1259439682 2076904455 1284026039
1227264319 1498037723 1947578966 1452185632 1802254072 1313089489
1653631421 1029556641 1232456799 2025359646 1725182350 1218107061
1484121594 1087609927 1278570442 1284707985 1740239094 1642442205
1103348056 1875179333 1865057456 2072103729 1074631158 1743456345
1020129621 1298210578 2076623765 1247486230 1021333452 1725222848
2097262198 1737907429 2135258091 1392759072 1087552986 1901752754
1535185829 1684601244 1251289450 1989801995 1597334134 1528137098
1608928850 1450532067 1090209872 1211281091 1527133209 1951219049
1555942162 1273890748 1341178803 1103433479 1723902518 2042104769
1896201138 1936297196 1392862781 2078637969 2092251688 1298421548
1385728273 1772331218 1629110742 1239480217 1389894980 1453609501
1590159946 1130680417 1957572790 1239658203 2136564834 1657513731
1913277868 1347566770 2110376283 1302249739 2076330300 1327354998
1460265271 1310461331 1705010525 1845636897 1371698060 1086023816
1128940430 1221763157 1626999421 1805833768 1629420613 1700644084
1715774892 1046648702 1963756191 1856551969 1326347191 1354317962
2122085172 2075107728 1921205923 1681011029 1497162078 1524948031
1900288496 1576310989 1220384267 1599812333 1097419908 1769011609
1052295642 1819663265 1306806675 1956217473 1839348609 2044709667
2004665196 1051248595 1312380352 2002712482 1494481348 1195861121
1530368000 1503536661 2082409279 1548022959 1079580644 1173749320
1259742424 1427851675 1738321837 1611027547 1554328241 1864053214
1811124990 1508470419 1278411178 1624689474 1181842177 2102107596
1189664367 1783340435 1793469631 1463731687 1640237823 2138399488
1819269416 1773610063 1096362388 1810948668 2055896401 1350161188
1463066148 1591361264 1543046244 1904725905 1051111334 1223681869
1880515898 1743055017 1314648179 1579491449 1517256957 1656665957
1083424452 1395060042 1935068141 1590337289 1900101347 1441327643
1916165415 1853331628 2082541091 1402094141 1326996812 1634843795
1017111915 1553725221 1954082767 2017534060 1808369274 1159814181
1693472107 1197233160 1764963204 1144697428 2147096193 1927536677
1658329019 2108257164 2098141320 1292551476 1922254451 1869766907
1524153906 1121314630 1140697095 1732033825 1657640264 1104986205
1241756428 2102597756 1717508877 1946937179 1444140886 1895472364
1547422859 1618382141 1298884403 1004438015 2146369915 1401958694
1771945293 1800987387 1356993082 2145344730 1173053072 1498582652
1477206962 1536689826 1052362803 1555591597 1996046722 1712277717
2053336842 2047168021 1771945550 1051005491 2112431466 1927464117
1702347365 1133358782 2120034618 1341510446 1977486774 1411359781
2008368285 1261283444 1865582477 1208530651 1574895783 1872724533
1213242758 1089476437 1942000371 1108965852 1761091707 1222719611
1097350455 1078237637 1417947137 1893363667 1868677794 1791411623
1516046462 1099000216 2011222211 1372492292 1138379512 2131545544
1187219806 1584616937 1995732358 1208598727 2065700453 1183938017
1966598405 1070131475 1368443148 1471267933 1919142081 1507925376
1607995422 1887833834 1180744191 1200463610 1696783027 2129283476
1160234562 1542775851 1554515541 1146013115 1106390211 1417335057
1346295454 1345245713 1478625206 1791778033 1015300520 1078361918
1592165471 1167728592 2066472725 1381985188 1309550674 1210182874
1595231039 1961192688 1203869830 1143461523 1001746377 1381431499
1926952747 1448214933 1124579107 1732926780 1940787075 1314630890
2049153476 1904369920 1475731641 1978855472 1167052817 1123026858
1179732149 1535053445 1417472492 1133603121 1246909519 2033071323
1505362572 1296134299 2028003974 1696864654 1308174141 1608712686
1000442880 1171229534 1234310760 1631747644 1154676988 1447445053
1236638772 2041939742 2027373887 1194621870 1595678253 1420448366
1990277009 2117282531 1033000618 1471123635 2009217255 1373166540
1965685022 1154133679 1085421565 1018967879 1278226565 1426107182
1280869667 1516027698 1854360315 1064587915 1307496750 1535942428
1209882419 1809237341 1071892575 1190751614 1385113981 1488082680
1997452169 1056932895 1105401128 1934784183 2041287169 2091694839
1189029800 2031687684 1099497495 1042796554 1730060994 1438753344
1402567685 1015057548 1939148663 2005530917 1105253691 1167750628
1134948946 2117837936 1443791018 1255017239 1146655068 2137463691
1841771484 1781786493 2044691764 1540641104 1045309114 1690933892
2025771491 1299798599 1245703072 1660880666 1850798910 1717181856
1431038882 1082777462 1426040552 1734478856 1484320282 1731327923
1281567595 1843517947 1017361171 1513321998 1585901671 2050312172
1373890465 1188122753 1638567497 1633399529 1239085818 1372909565
1268977859 2137414278 2018136191 2135443807 1284126382 1902985761
1249401161 1412313413 1248093869 1881136002 1221128441 1950937077
1530840004 1194602610 1871828005 1418163832 1721410454 1493329414
1152723418 1099507060 1747885992 1147840107 2095143570 1758455670
1805392259 1579875028 1059287924 1309385194 1949899112 1948504712
1579873078 1583900299 2099347879 1793430948 1868901360 1943958563
1231984154 1924553204 1334522642 1200491428 2090111916 1219199515
1845931699 2116678976 1295303562 2040588905 1947944211 1971454312
1723727254 2135693416 1466758349 2039722407 2032722999 1941450037
1703796069 2124215006 2076178247 1745843155 1476651162 1288111551
1003379168 1361268729 1816624201 1056643710 1025159658 1579503256
1903950528 1119481638 1576963979 1107386225 1473595314 1862808949
1163278846 1316198346 1645342549 2078983071 1396132860 1072354613
1170727845 1529540104 1573058334 1011382075 1885858690 1995229214
1198847235 1162128709 2058113449 2052599329 1979744747 1965966330
1293734906 1343007891 1680137030 1705301665 1173193128 1168591611
2125926679 1833843978 1454293722 1725382732 1550401362 1539057664
2078596621 1870405027 1544494621 1280443102 1704109994 1154867839
1260844727 1965136681 1945207397 2065842135 1539450818 1472626401
2137752583 1472431528 1972975410 1565815319 1682152750 1294843365
2049749091 2034106252 1599557810 2041763623 1565668568 2034849585
1733208422 1187549925 1078071377 1072131562 1586876469 1866169070
1832339930 1045390817 1140672266 2004172213 1523325318 1710747280
2132760594 1026067649 1735847968 1941437434 1278272296 2145139957
1268399060 2068675826 1833253100 1339988144 1822870388 1636826140
1737940259 1558865498 2048507260 1688299670 1094970486 1972945610
1048120967 1228808091 2026215854 2069266059 1692080495 1676606505
1489871773 1150807251 1988989591 1582147988 1150310957 1669417541
1794397568 1052692467 1234915515 1314942992 1125217530 1787828693
2011195040 1671150345 1589532115 1638350709 1427675047 1339122836
